<?xml version="1.0"?>
<opencv_storage>
<calibration_time>"Tue Jul 14 15:53:50 2020"</calibration_time>
<nr_of_frames>25</nr_of_frames>
<image_width>640</image_width>
<image_height>480</image_height>
<board_width>9</board_width>
<board_height>6</board_height>
<square_size>50.</square_size>
<fix_aspect_ratio>1.</fix_aspect_ratio>
<!-- flags: +fix_aspectRatio +fix_principal_point +zero_tangent_dist +fix_k4 +fix_k5 -->
<flags>6158</flags>
<fisheye_model>0</fisheye_model>
<camera_matrix type_id="opencv-matrix">
  <rows>3</rows>
  <cols>3</cols>
  <dt>d</dt>
  <data>
    5.8046866011878899e+02 0. 3.1950000000000000e+02 0.
    5.8046866011878899e+02 2.3950000000000000e+02 0. 0. 1.</data></camera_matrix>
<distortion_coefficients type_id="opencv-matrix">
  <rows>5</rows>
  <cols>1</cols>
  <dt>d</dt>
  <data>
    3.8140668174384679e-01 -2.9553197044322634e+00 0. 0.
    6.6852953262812305e+00</data></distortion_coefficients>
<avg_reprojection_error>1.2800607357194543e-01</avg_reprojection_error>
<per_view_reprojection_errors type_id="opencv-matrix">
  <rows>25</rows>
  <cols>1</cols>
  <dt>f</dt>
  <data>
    2.05987856e-01 1.45561308e-01 1.44056082e-01 1.22873701e-01
    1.23659395e-01 1.16415262e-01 1.25810415e-01 1.08305134e-01
    1.04524784e-01 1.15936793e-01 1.13516025e-01 1.44567728e-01
    1.11619696e-01 1.11564659e-01 1.15501717e-01 1.31767616e-01
    1.59630254e-01 1.18501343e-01 1.40143737e-01 1.14937782e-01
    1.15064241e-01 1.28414422e-01 9.94103327e-02 1.26805082e-01
    1.09263256e-01</data></per_view_reprojection_errors>
<!-- a set of 6-tuples (rotation vector + translation vector) for each view -->
<extrinsic_parameters type_id="opencv-matrix">
  <rows>25</rows>
  <cols>6</cols>
  <dt>d</dt>
  <data>
    1.2627346572489356e-01 8.9421253075721671e-02 1.2020727330832088e-02
    -8.6309040122099645e+01 -1.3704102395349409e+02
    7.8763027201640136e+02 1.2490284635658758e-01
    -5.0819974658177017e-02 -2.3554786896992839e-02
    -2.3531114917751725e+02 -1.1969535423476054e+02
    8.0959124840454433e+02 7.5773406880635816e-02
    -4.7857220367923559e-02 -2.8424766597744459e-02
    -1.6214245795794139e+02 -9.8087446525227477e+01
    7.1676252911565280e+02 6.8370624163722526e-02
    -5.2361794465521395e-02 -5.2002409496255529e-02
    -1.8829132274764262e+02 -1.0985457049985385e+02
    7.1713465573064002e+02 7.0173496781134187e-02
    -4.8792702480051853e-02 -5.4623420143324761e-02
    -1.8657063465521534e+02 -1.1851072262052250e+02
    7.1321128662997387e+02 6.8824160859585051e-02
    -4.7877258423216516e-02 -6.2830499221486980e-02
    -1.9232220103841192e+02 -1.2242726998492870e+02
    7.1174512944785556e+02 7.3414452357864118e-02
    -4.1550153531539138e-02 -6.1625926893468158e-02
    -1.8516907773951235e+02 -1.2496652942715785e+02
    7.0860738980212943e+02 7.1202888815942403e-02
    -3.6546426012741454e-02 -6.2458830796735310e-02
    -1.8193069277625847e+02 -1.2659743386975110e+02
    7.0557681614367789e+02 7.2145270797782601e-02
    -3.2767104690385532e-02 -6.2634288675384675e-02
    -1.7878428666266606e+02 -1.2774207826091232e+02
    7.0251363820646782e+02 7.1233550209019988e-02
    -3.3268780483840563e-02 -6.0586168612779531e-02
    -1.7675901253465864e+02 -1.2774400701057439e+02
    7.0220112035977002e+02 6.9978487143467244e-02
    -2.7226872329418478e-02 -5.3756519943681552e-02
    -1.7006001128152937e+02 -1.3232903868711173e+02
    6.9636086974434897e+02 7.0914192410658772e-02
    -1.0721480992880131e-02 -4.5018123609867573e-02
    -1.6083791075355580e+02 -1.3781434259929259e+02
    6.8603962205508196e+02 7.2658025692469985e-02
    -1.9559178704751965e-02 -4.2556781925848407e-02
    -1.6328887356371985e+02 -1.4069190100943970e+02
    6.8042608625259788e+02 7.2075597500307648e-02
    -1.1899562066027431e-02 -4.0266058438895476e-02
    -1.5429101866750784e+02 -1.4094060409995879e+02
    6.7944982899380386e+02 7.1360406563885190e-02
    -1.2984051841986892e-02 -3.6576734208348900e-02
    -1.4981839589732380e+02 -1.4066234168866444e+02
    6.7926918116088609e+02 7.3887091585389225e-02
    -1.1892386546926963e-02 -3.3833230566899491e-02
    -1.4755267670424467e+02 -1.4005400606810349e+02
    6.7960927186225581e+02 7.6404282268231302e-02
    -7.3194083452288753e-03 -3.2638541052809840e-02
    -1.3778793775950999e+02 -1.4970170730453830e+02
    6.7306685055123864e+02 7.3395791593064752e-02
    -5.2814347087667222e-03 -2.8840168932840225e-02
    -1.3138589583017276e+02 -1.4881562192075839e+02
    6.7310358022899879e+02 7.2021126991463333e-02
    -6.2775301002192859e-03 -2.8890549051576380e-02
    -1.3080441012175567e+02 -1.4766322740668923e+02
    6.7457117470563298e+02 7.1131856780290478e-02
    -8.7711852208726456e-03 -2.8343378222099699e-02
    -1.3209062036113346e+02 -1.4635075863619628e+02
    6.7541746670206851e+02 7.2067853462994630e-02
    -4.9027235692404155e-03 -3.0969922724446156e-02
    -1.9785325179813913e+02 -1.7284489173314222e+02
    6.7168209775963396e+02 7.2462326389814341e-02
    -6.5305877210351630e-03 -3.0691745568305225e-02
    -1.9816294051795765e+02 -1.7827554417097767e+02
    6.7019461890050400e+02 7.2194491410874931e-02 3.9193216639407313e-03
    -3.1068809006031831e-02 -1.8395121503885966e+02
    -1.8552605159951980e+02 6.7005498613153361e+02
    7.2352170374960972e-02 4.2266734169036042e-05
    -2.7712263477003014e-02 -1.8052549787902012e+02
    -1.8880471204816411e+02 6.6825323381019518e+02
    7.4803237604170320e-02 -1.7546911285316654e-03
    -2.3005674642447262e-02 -1.7178580675557993e+02
    -1.9050741784607615e+02 6.6517514613394826e+02</data></extrinsic_parameters>
