<?xml version="1.0"?>
<opencv_storage>
<calibration_time>"Thu 09 Jul 2020 01:01:56 AM CEST"</calibration_time>
<nr_of_frames>25</nr_of_frames>
<image_width>640</image_width>
<image_height>480</image_height>
<board_width>9</board_width>
<board_height>6</board_height>
<square_size>50.</square_size>
<fix_aspect_ratio>1.</fix_aspect_ratio>
<!-- flags: +fix_aspectRatio +fix_principal_point +zero_tangent_dist +fix_k4 +fix_k5 -->
<flags>6158</flags>
<fisheye_model>0</fisheye_model>
<camera_matrix type_id="opencv-matrix">
  <rows>3</rows>
  <cols>3</cols>
  <dt>d</dt>
  <data>
    6.8911161275366192e+02 0. 3.1950000000000000e+02 0.
    6.8911161275366192e+02 2.3950000000000000e+02 0. 0. 1.</data></camera_matrix>
<distortion_coefficients type_id="opencv-matrix">
  <rows>5</rows>
  <cols>1</cols>
  <dt>d</dt>
  <data>
    5.4958362606173139e-01 -5.3100714412108685e+00 0. 0.
    1.5433922151362555e+01</data></distortion_coefficients>
<avg_reprojection_error>1.7075437492448162e-01</avg_reprojection_error>
<per_view_reprojection_errors type_id="opencv-matrix">
  <rows>25</rows>
  <cols>1</cols>
  <dt>f</dt>
  <data>
    1.59380928e-01 1.66672274e-01 1.65388212e-01 1.70179725e-01
    1.73468858e-01 1.74803704e-01 1.78074539e-01 1.70898706e-01
    1.72658369e-01 1.74120322e-01 1.75490677e-01 1.76812798e-01
    1.84139550e-01 1.85779348e-01 1.76596016e-01 1.63029268e-01
    1.61689878e-01 1.63882479e-01 1.67997569e-01 1.68709278e-01
    1.67187512e-01 1.72337443e-01 1.68899134e-01 1.62067860e-01
    1.65405467e-01</data></per_view_reprojection_errors>
<!-- a set of 6-tuples (rotation vector + translation vector) for each view -->
<extrinsic_parameters type_id="opencv-matrix">
  <rows>25</rows>
  <cols>6</cols>
  <dt>d</dt>
  <data>
    -4.8950347047635137e-02 -1.6348117129723481e-02
    -7.7920675244680104e-03 -1.9685351514922564e+02
    -1.2889835327677454e+02 5.6459843710930124e+02
    -4.7420331339121956e-02 -1.5907453392563456e-02
    -6.0240112198377748e-03 -1.9594629753137866e+02
    -1.3005313207298678e+02 5.6531789414849402e+02
    -4.7312664485053335e-02 -1.6667014789255870e-02
    -4.9302790188343213e-03 -1.9530894097142814e+02
    -1.3095904710782102e+02 5.6553781568150089e+02
    -4.6438555527140650e-02 -1.8604387484673874e-02
    -5.7500131862273972e-03 -1.9538102764689751e+02
    -1.3044571178008732e+02 5.6430823828970131e+02
    -4.4775587238522617e-02 -2.1641014991453988e-02
    -6.6109935989895783e-03 -1.9486469362332159e+02
    -1.2984274164912676e+02 5.6100218277911779e+02
    -4.2498785868162678e-02 -2.1306144958294363e-02
    -6.9813286135017539e-03 -1.9465344499244523e+02
    -1.2991651268083274e+02 5.6001517547939181e+02
    -3.9252035319776425e-02 -1.7776023507759062e-02
    -6.2376643571977830e-03 -1.9461202398819995e+02
    -1.3091329149641015e+02 5.6135039280613921e+02
    -3.9960279473454603e-02 -1.6432429002331314e-02
    -5.8136713879329100e-03 -1.9447001881662445e+02
    -1.3129146856836181e+02 5.6254887195793037e+02
    -4.2133616643657362e-02 -1.7564074810849914e-02
    -5.6831919261526994e-03 -1.9398072977499115e+02
    -1.3153829284084665e+02 5.6335654518077968e+02
    -3.8296403261964346e-02 -1.5726231630513950e-02
    -3.8927135076084643e-03 -1.9347713643964300e+02
    -1.3325323181020849e+02 5.6403041087723557e+02
    -4.2417655246979345e-02 -1.8033989222574636e-02
    -2.7872851869758012e-03 -1.9296618489538957e+02
    -1.3440249627310797e+02 5.6499126110762768e+02
    -4.1382319549365942e-02 -1.6309050893632802e-02
    -2.6180956073357854e-03 -1.9284563194523389e+02
    -1.3453812653892206e+02 5.6572458929124446e+02
    -3.9871617840617629e-02 -1.8098461706584804e-02
    -2.5181879367000464e-03 -1.9388584536346954e+02
    -1.3493470003737744e+02 5.6354531637174989e+02
    -3.8327932120203807e-02 -1.6566527786037660e-02
    -4.7839256506865459e-03 -1.9618966240251495e+02
    -1.3380078523108995e+02 5.6309059053690305e+02
    -3.7882964117988423e-02 -1.4554868042214569e-02
    -8.6426123431359286e-03 -1.9983774234789465e+02
    -1.3143795950752656e+02 5.6226406710229787e+02
    -3.8665458580883376e-02 -1.5588253296706331e-02
    -9.4144367624881369e-03 -2.0049842787036425e+02
    -1.3019115817743076e+02 5.6128186901107301e+02
    -3.9924568165560108e-02 -1.7084261021322968e-02
    -5.8404284961200720e-03 -1.9885301529385063e+02
    -1.3142328785392502e+02 5.6079829112306788e+02
    -4.2000016620794570e-02 -1.8999822233740870e-02
    -4.7505807545733048e-03 -1.9823362431181565e+02
    -1.3166344110532589e+02 5.6048399774536904e+02
    -4.0645958630317017e-02 -1.3271634246959388e-02
    -4.7615967446723705e-03 -1.9950824008383077e+02
    -1.3118471094646179e+02 5.6395285741451823e+02
    -4.2403773576220924e-02 -1.3772261295090356e-02
    -6.1830264175365144e-03 -1.9988262190640089e+02
    -1.3011059218278470e+02 5.6577659351191369e+02
    -4.2131808962999527e-02 -1.0389281435477130e-02
    -5.7825812853237301e-03 -1.9967355922216427e+02
    -1.3037617245147163e+02 5.6839967756497776e+02
    -4.3366210475741615e-02 -9.9161019965517769e-03
    -6.5651934178667078e-03 -2.0045442503486390e+02
    -1.3011028053620876e+02 5.6867249516674474e+02
    -4.1225373148851489e-02 -1.0668551908639266e-02
    -5.2241307147634598e-03 -1.9906577631998076e+02
    -1.3102427731326426e+02 5.6584550166347424e+02
    -4.1654804036635851e-02 -1.0280668922987160e-02
    -4.9043373268536951e-03 -1.9863954361254144e+02
    -1.3135017582888622e+02 5.6559817070951021e+02
    -4.1436112505026851e-02 -1.3395207136741463e-02
    -5.4091307948723908e-03 -1.9901978461246154e+02
    -1.3170814038102546e+02 5.6381422082818085e+02</data></extrinsic_parameters>
