<?xml version="1.0"?>
<opencv_storage>
<calibration_time>"So 05 Jul 2020 19:09:32 CEST"</calibration_time>
<nr_of_frames>25</nr_of_frames>
<image_width>640</image_width>
<image_height>480</image_height>
<board_width>9</board_width>
<board_height>6</board_height>
<square_size>50.</square_size>
<fix_aspect_ratio>1.</fix_aspect_ratio>
<!-- flags: +fix_aspectRatio +fix_principal_point +zero_tangent_dist +fix_k4 +fix_k5 -->
<flags>6158</flags>
<fisheye_model>0</fisheye_model>
<camera_matrix type_id="opencv-matrix">
  <rows>3</rows>
  <cols>3</cols>
  <dt>d</dt>
  <data>
    4.4473085893045732e+02 0. 3.1950000000000000e+02 0.
    4.4473085893045732e+02 2.3950000000000000e+02 0. 0. 1.</data></camera_matrix>
<distortion_coefficients type_id="opencv-matrix">
  <rows>5</rows>
  <cols>1</cols>
  <dt>d</dt>
  <data>
    2.4161182946116799e-01 -9.0214203182988228e-01 0. 0.
    1.0519909077337766e+00</data></distortion_coefficients>
<avg_reprojection_error>2.9143794959563674e-01</avg_reprojection_error>
<per_view_reprojection_errors type_id="opencv-matrix">
  <rows>25</rows>
  <cols>1</cols>
  <dt>f</dt>
  <data>
    2.63422310e-01 2.76206970e-01 2.08867326e-01 1.79679915e-01
    1.53029054e-01 2.26075605e-01 2.25581601e-01 5.79447448e-01
    2.49363661e-01 3.35635722e-01 3.50665510e-01 1.96783826e-01
    2.16807842e-01 6.48825467e-01 2.56400228e-01 2.26657644e-01
    2.01991677e-01 2.52813786e-01 2.17474595e-01 3.03104579e-01
    2.43953466e-01 2.39087939e-01 3.00255179e-01 2.27476686e-01
    1.28680155e-01</data></per_view_reprojection_errors>
<!-- a set of 6-tuples (rotation vector + translation vector) for each view -->
<extrinsic_parameters type_id="opencv-matrix">
  <rows>25</rows>
  <cols>6</cols>
  <dt>d</dt>
  <data>
    1.5764129175335287e-01 5.6238093970685465e-02
    -2.5195059894921587e-02 -2.0569195954114426e+02
    -1.0728617438755998e+02 4.7490948229697324e+02
    1.5081554048994489e-01 5.1173716717903932e-02
    -3.2910049527083707e-02 -2.1056756644925875e+02
    -9.7220700194671764e+01 4.7425121186708736e+02
    1.4749312770265952e-01 4.9613139146271058e-02
    -3.4307062891275934e-02 -2.1074482888381849e+02
    -9.0374052276751854e+01 4.7532472706093421e+02
    1.4723405240225487e-01 4.7309439896415534e-02
    -3.7528155167652816e-02 -2.1103112999659584e+02
    -8.5848361467457224e+01 4.7553141175203137e+02
    1.4758878944582099e-01 4.4620922650115989e-02
    -3.9063005195154300e-02 -2.1389697570242654e+02
    -8.6947500945236627e+01 4.7382801888914537e+02
    1.4115978534135609e-01 4.4647696981707286e-02
    -3.7919898962151664e-02 -2.1660847217935836e+02
    -8.4997227211931190e+01 4.7322545942976933e+02
    1.2791300455439986e-01 4.3748572417074257e-02
    -3.9430373931096621e-02 -2.1468772186122075e+02
    -7.4186494391180617e+01 4.7534145927494501e+02
    1.1188469282640839e-01 2.8794318668790675e-02
    -2.6141159994125134e-02 -2.2370144206400889e+02
    -7.0640592175448134e+01 4.6919942130313638e+02
    1.0956688034983292e-01 2.1811320610803844e-02
    -2.2690440765279866e-02 -2.2960549172266900e+02
    -6.5807121905964166e+01 4.6219599347444665e+02
    1.0160104227283581e-01 2.1274946371333536e-02
    -1.9959464741541793e-02 -2.3024490980904164e+02
    -6.4818852752670338e+01 4.6157261400416718e+02
    8.9303198950045931e-02 2.9980197606683381e-02
    -1.3881728929584645e-02 -2.2322039181511559e+02
    -5.4780876069817879e+01 4.6494983500143542e+02
    8.3586248553513348e-02 2.5974473472700123e-02
    -9.4945944300539355e-03 -2.2259125275092919e+02
    -5.3702865786751367e+01 4.6454320713209376e+02
    8.3130235094186031e-02 2.6804256045738058e-02
    -9.0779395213956733e-03 -2.2238161362076670e+02
    -5.3054916991962209e+01 4.6418316068564502e+02
    7.7352540886660728e-02 3.8041042057867465e-02
    -5.6610638793662309e-03 -2.1721159458229792e+02
    -4.9294871578589259e+01 4.6808547677809401e+02
    7.8993000569588773e-02 3.2525533155469619e-02
    -2.1813487159039074e-03 -2.1573790456714377e+02
    -5.0340973788386613e+01 4.6616509549883011e+02
    7.4411519612451640e-02 2.4114025082238810e-02 3.9793807501427943e-04
    -2.2183249767910817e+02 -5.3996870614285847e+01
    4.6048934796040959e+02 7.3003311900829801e-02 1.9618744298176387e-02
    -1.7595552185132087e-03 -2.2668089885435271e+02
    -5.4191483579020719e+01 4.5751969940489835e+02
    7.3838545865957325e-02 2.6377069745347924e-03
    -2.4175620090281934e-03 -2.3905295613328889e+02
    -5.1332398089456866e+01 4.4993651714739769e+02
    8.0128882002634405e-02 6.2395877032336996e-04
    -1.0498420325202141e-02 -2.4061759620788672e+02
    -5.1556212839613927e+01 4.4849513770575209e+02
    8.5955620728812077e-02 -6.3630199971254015e-03
    -1.0768545745969639e-02 -2.4328906391842261e+02
    -5.4090086922634278e+01 4.4477861247264264e+02
    8.7946109701651273e-02 -8.6639183251727651e-03
    -9.6933942781819091e-03 -2.4124197063886871e+02
    -5.8794592541042924e+01 4.4382601534574576e+02
    9.1496754543981595e-02 -6.9671148393138111e-03
    -8.3949522365261865e-03 -2.3568094006440151e+02
    -6.4269459574058899e+01 4.4381109974014049e+02
    9.4871311189409196e-02 -8.3143576752851261e-03
    -3.3622071101376142e-03 -2.3450427158698980e+02
    -7.0271550103764369e+01 4.4138632267593238e+02
    9.8240206336968214e-02 -7.8938572109583504e-03
    -4.0499527269750738e-03 -2.3401114972208876e+02
    -7.4522514746477327e+01 4.3922902227736239e+02
    9.5903895050490046e-02 -8.2623208805791600e-03
    -5.4678731137212527e-03 -2.3271028736537477e+02
    -7.4560915452105036e+01 4.4031791151209296e+02</data></extrinsic_parameters>
