<?xml version="1.0"?>
<opencv_storage>
    <calibration_time>"Do 09 Jul 2020 21:06:00 CEST"</calibration_time>
    <nr_of_frames>25</nr_of_frames>
    <image_width>640</image_width>
    <image_height>480</image_height>
    <board_width>9</board_width>
    <board_height>6</board_height>
    <square_size>50.</square_size>
    <fix_aspect_ratio>1.</fix_aspect_ratio>
    <!-- flags: +fix_aspectRatio +fix_principal_point +zero_tangent_dist +fix_k4 +fix_k5 -->
    <flags>6158</flags>
    <fisheye_model>0</fisheye_model>
    <camera_matrix type_id="opencv-matrix">
        <rows>3</rows>
        <cols>3</cols>
        <dt>d</dt>
        <data>
            2.1912569212541207e+03 0. 3.1950000000000000e+02 0.
            2.1912569212541207e+03 2.3950000000000000e+02 0. 0. 1.</data></camera_matrix>
    <distortion_coefficients type_id="opencv-matrix">
        <rows>5</rows>
        <cols>1</cols>
        <dt>d</dt>
        <data>
            4.7596385732630377e+00 -1.7183192834849353e+02 0. 0.
            -1.1628880754201078e+04</data></distortion_coefficients>
    <avg_reprojection_error>2.8451658993334911e-01</avg_reprojection_error>
    <per_view_reprojection_errors type_id="opencv-matrix">
        <rows>25</rows>
        <cols>1</cols>
        <dt>f</dt>
        <data>
            4.16101396e-01 3.81404698e-01 2.80714184e-01 3.19673300e-01
            2.34366506e-01 2.27950811e-01 2.04320207e-01 2.15512767e-01
            2.17332706e-01 2.38037750e-01 3.24455261e-01 2.81703472e-01
            2.74833173e-01 2.58921176e-01 2.57029712e-01 3.26395363e-01
            2.75364310e-01 2.82230824e-01 2.52426445e-01 2.97008723e-01
            2.43026286e-01 2.55937636e-01 2.89209336e-01 3.45342398e-01
            3.00801635e-01</data></per_view_reprojection_errors>
    <!-- a set of 6-tuples (rotation vector + translation vector) for each view -->
    <extrinsic_parameters type_id="opencv-matrix">
        <rows>25</rows>
        <cols>6</cols>
        <dt>d</dt>
        <data>
            1.0597248596557123e-01 -2.6841989231422673e-04
            3.2585062817621794e-04 -2.5539035688347158e+02
            -1.3454806307320888e+02 3.0140831166916018e+03
            9.1752309164091633e-02 -2.4298274472040922e-03
            1.6560034413073124e-03 -2.5142158378332900e+02
            -1.3765842643733438e+02 3.0154690041034341e+03
            4.0207506771296073e-02 -5.0796172193945194e-02
            5.9852414881487173e-03 -2.4462967013384417e+02
            -1.4115020701484843e+02 3.0208606350036057e+03
            4.2935243991020798e-02 -5.1701103936765781e-02
            5.9230026278652660e-03 -2.4519771093474250e+02
            -1.3898728252946873e+02 3.0193592907195125e+03
            4.6369258234143867e-02 -7.0584971984437417e-02
            3.9995344540474723e-03 -2.5071353321179433e+02
            -1.2587138045954670e+02 3.0355182496581815e+03
            4.9965723397729749e-02 -5.3964798102444082e-02
            2.1216907722880337e-03 -2.5346146928146601e+02
            -1.2417206506933694e+02 3.0375374394515648e+03
            5.8077116449140292e-02 -6.1616080709204581e-02
            2.4975137831156641e-03 -2.5546727897687919e+02
            -1.2327517413669092e+02 3.0340332703620993e+03
            5.9519725644748438e-02 -6.0285452695098198e-02
            3.1021896338715768e-05 -2.6421496049571044e+02
            -1.2132673387137346e+02 3.0184584649939720e+03
            6.2785164032383767e-02 -5.7742309326916118e-02
            -6.9833199350160787e-04 -2.6598727208538048e+02
            -1.2146575855477410e+02 3.0142566263236072e+03
            5.7182630897118905e-02 -5.7281868279976153e-02
            -1.0207222692467863e-03 -2.7016618882672776e+02
            -1.2383674007933415e+02 3.0026846864739323e+03
            7.2039588153826564e-02 -3.8307170477323495e-02
            -2.5831816915942297e-03 -2.7097462131816383e+02
            -1.2395852173894602e+02 3.0045414715441698e+03
            5.2934286045955792e-02 -4.8073372366249568e-02
            -2.6182860511860507e-03 -2.7024170376864447e+02
            -1.2443387442158280e+02 3.0065156364253958e+03
            6.3848378754304436e-02 -4.4316609547935350e-02
            -2.5361356797856988e-03 -2.7035732439174484e+02
            -1.2419293967438364e+02 3.0063106138589064e+03
            4.9800262883709256e-02 -5.4286482828256682e-02
            -2.0513989166250075e-03 -2.7041722180056240e+02
            -1.2461680437360353e+02 3.0026798990954940e+03
            3.9249946036601098e-02 -6.3304212884145297e-02
            -2.3099875067962628e-03 -2.7308000619315987e+02
            -1.1863598106505142e+02 3.0126952160934966e+03
            5.8093594868355067e-02 -4.1198538794399525e-02
            5.6632289708810721e-04 -2.7130200378730939e+02
            -1.2303654573844823e+02 3.0106518132449755e+03
            5.2822941456912929e-02 -4.5892717525823037e-02
            3.7438223213912968e-03 -2.6663117569825999e+02
            -1.2652446709450064e+02 3.0104949320903547e+03
            5.0948199770802123e-02 -5.2209204295883188e-02
            4.6413350424846242e-03 -2.6731393868852922e+02
            -1.2708337445002827e+02 3.0101319875377876e+03
            3.3729868113850037e-02 -6.2991186794052786e-02
            4.7017156657078660e-03 -2.6719418296381986e+02
            -1.2666650142294550e+02 3.0093722330603759e+03
            7.6066554601472255e-02 -4.2061545787803460e-02
            5.0242432783583245e-03 -2.6783568612036311e+02
            -1.2783015381719005e+02 3.0065195548263505e+03
            5.9036069332195497e-02 -5.5543142130696575e-02
            6.6152900383538707e-03 -2.6797424260387686e+02
            -1.2935776769270740e+02 3.0017578285709228e+03
            5.6638279573243480e-02 -5.3962224774607437e-02
            5.7352239638305122e-03 -2.6822692535305674e+02
            -1.2778136665277587e+02 3.0051167429022248e+03
            5.7787182048140304e-02 -5.1202784610591148e-02
            6.2105593725394906e-03 -2.6975912899641878e+02
            -1.2873198256312176e+02 3.0005172888197180e+03
            4.7252994040609578e-02 -4.4050900034423676e-02
            5.4638523615625290e-03 -2.6904385593029451e+02
            -1.2902621421467009e+02 3.0053337277194100e+03
            5.8246241654780789e-02 -4.1585304661754668e-02
            6.8055761366394713e-03 -2.6620013186155290e+02
            -1.3033182620360796e+02 3.0111976990935568e+03</data></extrinsic_parameters>
    <image_points type_id="opencv-matrix">
        <rows>25</rows>
        <cols>54</cols>
        <dt>"2f"</dt>
        <data>
            1.29831009e+02 1.39369751e+02 1.66926346e+02 1.39446518e+02
            2.04300919e+02 1.39751572e+02 2.41832565e+02 1.40267929e+02
            2.78771820e+02 1.40703934e+02 3.15364349e+02 1.41086105e+02
            3.52241821e+02 1.41188095e+02 3.88714294e+02 1.41204727e+02
            4.25368805e+02 1.41104187e+02 1.30110794e+02 1.76264145e+02
            1.67337799e+02 1.76376434e+02 2.04793167e+02 1.76707138e+02
            2.42364258e+02 1.77108948e+02 2.79172333e+02 1.77511032e+02
            3.15524017e+02 1.77743362e+02 3.52189880e+02 1.77855972e+02
            3.88500397e+02 1.77785202e+02 4.25087158e+02 1.77683472e+02
            1.30409454e+02 2.13103073e+02 1.67741135e+02 2.13257202e+02
            2.05282425e+02 2.13443283e+02 2.42813797e+02 2.13723877e+02
            2.79478607e+02 2.13896744e+02 3.15671783e+02 2.14074615e+02
            3.52123627e+02 2.14125763e+02 3.88307770e+02 2.14125931e+02
            4.24804779e+02 2.14051941e+02 1.30738129e+02 2.50274475e+02
            1.68120590e+02 2.50251648e+02 2.05627426e+02 2.50284683e+02
            2.43078110e+02 2.50232971e+02 2.79680878e+02 2.50246719e+02
            3.15829529e+02 2.50240036e+02 3.52184021e+02 2.50321701e+02
            3.88277679e+02 2.50352097e+02 4.24709778e+02 2.50444229e+02
            1.31166595e+02 2.86910889e+02 1.68361282e+02 2.86842255e+02
